10,22
10,218
10,182
10,66
10,134
10,186
10,86
10,292
10,2
11,22
9,7
9,4
9,6
9,2
9,3
8,5
8,13
8,8
8,15
8,14
8,16
31,4
31,3
31,2
31,1
31,0
29,5
29,4
29,3
29,2
29,1
29,0
28,4
28,3
28,2
28,1
28,0
27,4
27,3
27,2
27,1
27,0
26,4
26,3
26,2
26,1
26,0
25,3
25,2
25,1
25,0
20,3
20,2
20,1
19,3
19,2
19,1
12,3
12,2
12,1
11,29
11,28
11,27
11,26
11,25
11,24
11,23
11,21
11,20
11,19
11,18
11,17
11,16
11,15
11,14
18,1
11,13
18,3
11,12
11,11
11,10
11,8
14,1
11,6
14,3
11,5
11,4
13,1
11,3
13,3
11,2
11,1
10,311
10,301
10,296
10,290
